random (1-sim 0-não)?
numero de pontos (n)?
valor de 'k' no simulated annealing (-1=default)?
coordenadas (x,y)

EX.1
Point nº0 (3 ,5)
Point nº1 (4 ,-3)
Point nº2 (-7 ,0)
Point nº3 (4 ,8)
Point nº4 (9 ,3)
Point nº5 (0 ,-3)
Point nº6 (-2 ,-5)
Point nº7 (7 ,0)
Point nº8 (-5 ,-9)
Point nº9 (2 ,-3)
Point nº10 (-6 ,-9)
Point nº11 (-9 ,2)
Point nº12 (-7 ,-3)
Point nº13 (0 ,8)
Point nº14 (-8 ,9)
Point nº15 (-4 ,6)
Point nº16 (6 ,8)
Point nº17 (-6 ,0)
Point nº18 (4 ,4)
Point nº19 (-6 ,-6)
Point nº20 (-4 ,7)
Point nº21 (0 ,-5)
Point nº22 (-1 ,-3)
Point nº23 (8 ,1)
Point nº24 (1 ,7)
Point nº25 (-9 ,-6)
Point nº26 (-1 ,-10)
Point nº27 (-3 ,0)
Point nº28 (-5 ,1)
Point nº29 (-8 ,-6)
Point nº30 (8 ,9)
Point nº31 (6 ,-9)
Point nº32 (1 ,-9)
Point nº33 (-8 ,0)
Point nº34 (3 ,-9)
Point nº35 (-3 ,6)
Point nº36 (-6 ,-2)
Point nº37 (-1 ,7)
Point nº38 (-9 ,7)
Point nº39 (5 ,-6)
Point nº40 (3 ,6)
Point nº41 (-10 ,-10)
Point nº42 (-10 ,-9)
Point nº43 (4 ,-8)
Point nº44 (9 ,-9)
Point nº45 (7 ,-6)
Point nº46 (7 ,6)
Point nº47 (-9 ,-7)
Point nº48 (-1 ,5)
Point nº49 (2 ,-6)

EX.2A
[0,1,2,3,4,5,6,7,8,9,10,11,12,13,14,15,16,17,18,19,20,21,22,23,24,25,26,27,28,29,30,31,32,33,34,35,36,37,38,39,40,41,42,43,44,45,46,47,48,49,0]

EX.2B
[0,40,3,16,30,46,4,23,7,1,9,5,22,6,21,49,43,34,32,26,8,10,19,29,25,47,42,41,12,36,17,2,33,11,28,27,48,37,13,24,35,15,20,14,38,18,39,45,31,44,0]

EX.3
(7,0);(4,-3) interseta com (4,4);(5,-6)
(-8,-6);(-9,-6) interseta com (-10,-10);(-7,-3)
(-1,5);(-1,7) interseta com (1,7);(-3,6)
(-1,5);(-1,7) interseta com (-9,7);(4,4)
(9,-9);(3,5) interseta com (7,0);(4,-3)
(9,-9);(3,5) interseta com (-9,7);(4,4)
(9,-9);(3,5) interseta com (4,4);(5,-6)

Numero de candidatos = 7
Candidato 0[0,40,3,16,30,46,4,23,7,18,38,14,20,15,35,24,13,37,48,27,28,11,33,2,17,36,12,41,42,47,25,29,19,10,8,26,32,34,43,49,21,6,22,5,9,1,39,45,31,44,0]
Candidato 1[0,40,3,16,30,46,4,23,7,1,9,5,22,6,21,49,43,34,32,26,8,10,19,29,41,42,47,25,12,36,17,2,33,11,28,27,48,37,13,24,35,15,20,14,38,18,39,45,31,44,0]
Candidato 2[0,40,3,16,30,46,4,23,7,1,9,5,22,6,21,49,43,34,32,26,8,10,19,29,25,47,42,41,12,36,17,2,33,11,28,27,48,24,13,37,35,15,20,14,38,18,39,45,31,44,0]
Candidato 3[0,40,3,16,30,46,4,23,7,1,9,5,22,6,21,49,43,34,32,26,8,10,19,29,25,47,42,41,12,36,17,2,33,11,28,27,48,38,14,20,15,35,24,13,37,18,39,45,31,44,0]
Candidato 4[7,23,4,46,30,16,3,40,0,1,9,5,22,6,21,49,43,34,32,26,8,10,19,29,25,47,42,41,12,36,17,2,33,11,28,27,48,37,13,24,35,15,20,14,38,18,39,45,31,44,7]
Candidato 5[38,14,20,15,35,24,13,37,48,27,28,11,33,2,17,36,12,41,42,47,25,29,19,10,8,26,32,34,43,49,21,6,22,5,9,1,7,23,4,46,30,16,3,40,0,18,39,45,31,44,38]
Candidato 6[18,38,14,20,15,35,24,13,37,48,27,28,11,33,2,17,36,12,41,42,47,25,29,19,10,8,26,32,34,43,49,21,6,22,5,9,1,7,23,4,46,30,16,3,40,0,39,45,31,44,18]

EX4

Solução A NÃO foi ótima
[0,40,3,16,30,46,4,23,7,18,38,14,20,15,35,24,13,37,48,27,28,11,33,2,17,36,12,41,42,47,25,29,19,10,8,26,32,34,43,49,21,6,22,5,9,1,39,45,31,44,0]

Solução B NÃO foi ótima
[0,40,3,16,30,46,4,23,7,18,37,13,24,35,15,20,14,38,48,27,28,11,33,2,17,36,12,41,42,47,25,29,19,10,8,26,32,34,43,49,21,6,22,5,9,1,39,45,31,44,0]

Solução C foi ótima
[18,7,23,4,46,30,16,3,40,0,24,13,37,35,15,20,14,38,48,27,28,11,33,2,17,36,12,25,47,42,41,29,19,10,8,26,32,34,43,49,21,6,22,5,9,1,39,45,31,44,18]

Solução D NÃO foi ótima
[18,37,13,24,35,15,20,14,38,48,27,28,11,33,2,17,36,12,41,42,47,25,29,19,10,8,26,32,34,43,49,21,6,22,5,9,1,7,23,4,46,30,16,3,40,0,39,45,31,44,18]




EX5

Lista original
[0,1,2,3,4,5,6,7,8,9,10,11,12,13,14,15,16,17,18,19,20,21,22,23,24,25,26,27,28,29,30,31,32,33,34,35,36,37,38,39,40,41,42,43,44,45,46,47,48,49,0]

Simualted Annealing foi Otimo com kmax = 250

Lista depois do simulated annealing
[5,27,36,17,12,2,28,33,38,11,25,47,29,42,41,26,10,8,32,19,34,31,44,45,4,30,46,40,16,3,13,14,15,35,20,37,24,48,9,1,0,18,7,23,39,43,6,21,22,49,5]
